11 11 11 11 11 11 11 10 10 10 10 10 10 10 10 10 10 10 10 10
13 14 13 13 13 13 11 10 10 10 10 10 10 10 10 10 10 10 10 10
14 13 13 13 14 13 11 10 10 10 10 10 10 10 10 10 10 10 10 10
15 17 17 17 12 12 11 10 10 10 10 10 10 10 10 10 10 10 10 10
15 17 17 17 12 12 11 10 10 10 10 10 10 10 10 10 10 10 10 10
15 17 17 17 12 12 11 10 10 10 10 10 10 10 10 10 10 10 10 10
11 11 17 17 12 12 11 10 10 10 10 10 10 10 10 10 10 10 10 10
13 11 12 12 12 12 11 11 11 11 11 11 11 11 11 11 11 11 11 10
13 11 12 12 12 12 14 13 13 13 13 14 13 13 13 13 14 13 11 10
11 11 12 12 12 12 13 13 14 13 13 13 14 13 13 13 13 13 11 10
13 13 12 12 12 12 12 12 12 12 12 12 12 12 12 12 12 12 11 10
14 13 17 17 12 12 12 12 12 12 12 12 12 12 12 12 12 12 11 10
15 15 17 17 12 12 12 12 12 12 12 12 12 12 12 12 12 12 11 10
15 15 17 17 12 12 12 12 12 12 12 12 12 12 12 12 12 12 11 10
15 15 17 17 12 12 12 12 12 12 12 12 12 12 12 12 12 12 11 10
11 11 11 11 11 11 12 12 12 12 12 12 12 12 12 12 12 12 11 10
14 13 13 13 14 11 12 12 12 12 12 12 12 12 12 12 12 12 11 10
13 13 13 14 13 11 11 11 11 11 11 11 11 11 17 17 17 11 11 10
10 10 10 10 10 13 13 13 14 13 13 13 13 11 17 17 17 11 14 10
10 10 10 10 10 13 13 13 13 13 13 14 13 11 15 15 15 11 13 10